244	244	244	244	244	244	244	244	244	244	244	244	244	244	244	244	244	244	244
244	244	244	244	244	244	244	244	244	244	244	244	244	244	244	244	244	244	244
244	244	24	24	244	244	24	24	244	244	244	24	24	24	24	24	244	244	244
244	244	24	24	244	244	24	24	244	244	244	244	244	244	244	24	24	244	244
244	244	24	24	244	244	24	24	244	244	244	244	244	244	244	24	24	244	244
244	244	24	24	24	24	24	24	244	244	244	24	24	24	24	24	244	244	244
244	244	244	24	24	24	24	24	244	244	244	24	24	244	244	244	244	244	244
244	244	244	244	244	244	24	24	244	244	244	24	24	244	244	244	244	244	244
244	244	244	244	244	244	24	24	244	244	244	24	24	24	24	24	24	244	244
244	244	244	244	244	244	244	244	244	244	244	244	244	244	244	244	244	244	244
244	244	244	244	244	244	244	244	244	244	244	244	244	244	244	244	244	244	244